1782642425524 2.1795880794525146 0
1782642425701 2.4531142711639404 1
1782642425888 2.9734394550323486 2
1782642426122 3.1838507652282715 3
1782642426290 3.8275938034057617 4
1782642426361 4.38760232925415 5
1782642426435 5.352902889251709 6
1782642426539 5.7887773513793945 7
1782642426660 6.0590081214904785 8
1782642426729 7.226217269897461 9
1782642426802 8.624021530151367 10
1782642426900 9.3533935546875 11
1782642427139 11.03373908996582 12
1782642427289 10.526747703552246 13
1782642427361 11.567209243774414 14
1782642427441 15.07068920135498 15
1782642427577 15.109313011169434 16
1782642427652 16.269668579101562 17
1782642427717 18.079532623291016 18
1782642427804 17.155000686645508 19
1782642427896 18.5286808013916 20
1782642427971 22.707218170166016 21
1782642428038 26.960315704345703 22
1782642428104 21.935382843017578 23
1782642428170 25.11387825012207 24
1782642428245 31.214330673217773 25
1782642428348 30.763505935668945 26
1782642428702 33.56577682495117 27
1782642428886 37.34334182739258 28
1782642429127 42.41571807861328 29
1782642429298 39.368682861328125 30
1782642429502 42.179508209228516 31
1782642429632 44.687217712402344 32
1782642429717 51.14215087890625 33
1782642429846 51.38526153564453 34
1782642429937 61.83610916137695 35
1782642430030 60.97551727294922 36
1782642430114 61.07242965698242 37
1782642430287 65.26681518554688 38
1782642430364 67.48242950439453 39
1782642430523 70.48352813720703 40
1782642430612 71.66388702392578 41
1782642430777 79.16075134277344 42
1782642430886 79.2035903930664 43
1782642431043 81.44489288330078 44
1782642431262 87.81267547607422 45
1782642431423 88.22261047363281 46
1782642431554 79.6552505493164 47
1782642431699 96.75328826904297 48
1782642431810 100.5716552734375 49
1782642431898 102.47541809082031 50
1782642432032 102.06739807128906 51
1782642432137 102.05962371826172 52
1782642432229 105.75342559814453 53
1782642432343 112.59281921386719 54
1782642432536 109.41282653808594 55
1782642432657 96.36422729492188 56
1782642432773 110.71733093261719 57
1782642432947 107.36540222167969 58
1782642433049 107.53678894042969 59
1782642433149 110.7071762084961 60
1782642433244 100.1725082397461 61
1782642433344 112.14891815185547 62
1782642433443 117.28520965576172 63
1782642433547 119.12660217285156 64
1782642433664 115.97584533691406 65
1782642433760 107.08672332763672 66
1782642433905 118.30738830566406 67
1782642434108 119.42549896240234 68
1782642434230 123.40361785888672 69
1782642434394 112.4581298828125 70
1782642434539 113.91677856445312 71
1782642434727 103.5479965209961 72
1782642434939 110.61370849609375 73
1782642435169 113.41706085205078 74
1782642435471 99.74955749511719 75
1782642435695 99.79671478271484 76
1782642435905 108.31629943847656 77
1782642436012 104.59378051757812 78
1782642436121 107.15338134765625 79
1782642436212 111.61800384521484 80
1782642436385 113.09891510009766 81
1782642436500 97.93314361572266 82
1782642436631 94.03031921386719 83
1782642436811 101.48637390136719 84
1782642436909 93.87688446044922 85
1782642437067 99.81053161621094 86
1782642437191 102.22661590576172 87
1782642437363 95.02227020263672 88
1782642437461 93.8034439086914 89
1782642437639 99.16515350341797 90
1782642437756 91.33643341064453 91
1782642437961 101.34815216064453 92
1782642438060 99.4593505859375 93
1782642438259 92.84746551513672 94
1782642438366 84.40574645996094 95
1782642438517 94.33228302001953 96
1782642438783 92.10845947265625 97
1782642438887 87.5103530883789 98
1782642438978 88.63794708251953 99
1782642439069 89.4789810180664 100
1782642439203 91.89539337158203 101
1782642439475 86.96327209472656 102
1782642439583 86.69233703613281 103
1782642439845 87.2057876586914 104
1782642440070 88.85490417480469 105
1782642440444 88.22853088378906 106
1782642440556 79.98564147949219 107
1782642440745 79.70252990722656 108
1782642440947 77.02262115478516 109
1782642441211 79.49077606201172 110
1782642441323 79.75592803955078 111
1782642441507 75.93120574951172 112
1782642441756 76.44009399414062 113
1782642441911 73.51547241210938 114
1782642442201 80.36116790771484 115
1782642442352 72.04439544677734 116
1782642442496 72.15152740478516 117
1782642442665 66.00804901123047 118
1782642442863 66.99700927734375 119
1782642443080 74.97978973388672 120
1782642443278 70.32427978515625 121
1782642443462 65.11228942871094 122
1782642443651 64.29673767089844 123
1782642443898 66.1109848022461 124
1782642444072 57.80764389038086 125
1782642444259 58.9598274230957 126
1782642444435 64.94510650634766 127
1782642444563 64.85680389404297 128
1782642444704 66.89176940917969 129
1782642444846 61.29506301879883 130
1782642445101 60.786556243896484 131
1782642445241 62.053504943847656 132
1782642445463 50.01032257080078 133
1782642445661 54.985267639160156 134
1782642445821 62.28724670410156 135
1782642445993 53.80253601074219 136
1782642446139 52.21910858154297 137
1782642446290 56.06816864013672 138
1782642446465 58.1220588684082 139
1782642446670 51.586551666259766 140
1782642446894 48.51363754272461 141
1782642447076 48.47116470336914 142
1782642447225 50.794456481933594 143
1782642447359 46.58574295043945 144
1782642447594 50.217201232910156 145
1782642447865 49.11243438720703 146
1782642448003 43.67546844482422 147
1782642448186 48.021873474121094 148
1782642448343 46.11322784423828 149
1782642448491 44.593204498291016 150
1782642448638 43.40153503417969 151
1782642448777 46.860443115234375 152
1782642448888 37.94895935058594 153
1782642449060 43.925689697265625 154
1782642449226 38.3200798034668 155
1782642449401 40.823753356933594 156
1782642449594 39.54741668701172 157
1782642449691 41.06072235107422 158
1782642449844 36.26496505737305 159
1782642450021 34.8333740234375 160
1782642450137 33.19903564453125 161
1782642450360 33.675941467285156 162
1782642450427 33.12038040161133 163
1782642450492 34.825496673583984 164
1782642450596 31.870384216308594 165
1782642450718 31.616369247436523 166
1782642450794 30.024930953979492 167
1782642450861 26.146095275878906 168
1782642450927 25.404165267944336 169
1782642451009 31.606534957885742 170
1782642451076 20.700698852539062 171
1782642451145 26.43675994873047 172
1782642451276 26.019832611083984 173
1782642451438 15.256783485412598 174
1782642451545 32.00249481201172 175
1782642451759 26.6057071685791 176
1782642451837 25.602209091186523 177
1782642451906 23.45414924621582 178
1782642451991 30.823040008544922 179
1782642452122 24.90248680114746 180
1782642452320 24.180749893188477 181
1782642452428 31.732877731323242 182
1782642452507 20.340850830078125 183
1782642452581 19.68863296508789 184
1782642452640 20.06032371520996 185
1782642452703 19.3358154296875 186
1782642452772 22.185880661010742 187
1782642452842 18.281696319580078 188
1782642452905 16.70603370666504 189
1782642452970 20.169147491455078 190
1782642453054 18.999818801879883 191
1782642453118 20.250789642333984 192
1782642453177 19.349016189575195 193
1782642453240 18.1173095703125 194
1782642453322 18.206331253051758 195
1782642453473 16.32075309753418 196
1782642453563 14.262969017028809 197
1782642453678 15.480657577514648 198
1782642453822 15.608962059020996 199
1782642453908 16.32001495361328 200
1782642454150 14.695934295654297 201
1782642454319 14.472785949707031 202
1782642454589 13.38994026184082 203
1782642454731 12.53589916229248 204
1782642454961 10.987465858459473 205
1782642455207 11.968894004821777 206
1782642455341 11.037569046020508 207
1782642455479 10.329449653625488 208
1782642455602 9.015826225280762 209
1782642455855 9.180683135986328 210
1782642456104 7.468292236328125 211
1782642456224 9.37446403503418 212
1782642456389 9.142860412597656 213
1782642456592 9.098132133483887 214
1782642456835 8.294108390808105 215
1782642457004 7.4126129150390625 216
1782642457165 7.220776081085205 217
1782642457412 7.474954605102539 218
1782642457481 4.926098823547363 219
1782642457624 5.705598831176758 220
1782642457780 5.73682975769043 221
1782642457863 4.240804195404053 222
1782642457938 3.8751533031463623 223
1782642458008 4.329693794250488 224
1782642458186 3.7418534755706787 225
1782642458368 3.73854660987854 226
1782642458525 2.9090065956115723 227
1782642458624 3.2986395359039307 228
1782642458846 1.4304403066635132 229
1782642459072 2.610126495361328 230
1782642459195 1.6072614192962646 231
1782642459399 2.9231882095336914 232
1782642459508 1.7869727611541748 233
1782642459585 2.416930913925171 234
1782642459726 2.7618463039398193 235
1782642459938 2.5524139404296875 236
1782642460021 1.5497877597808838 237
1782642460239 1.2750980854034424 238
1782642460382 2.1005797386169434 239
1782642460441 1.7346056699752808 240
1782642460499 1.6510480642318726 241
1782642460561 1.9468497037887573 242
1782642460623 2.1464643478393555 243
1782642460687 2.5841150283813477 244
1782642460754 2.2460217475891113 245
1782642460854 1.7559715509414673 246
1782642460968 1.8099064826965332 247
1782642461035 1.6139707565307617 248
1782642461106 2.7186403274536133 249
1782642461176 0.992734968662262 250
1782642461392 1.0350182056427002 251
1782642461543 1.400146722793579 252
1782642461621 1.2304575443267822 253
1782642461689 1.4862260818481445 254
1782642461762 1.2123279571533203 255
1782642461848 1.2469310760498047 256
1782642462106 1.7098530530929565 257
1782642462253 1.7044110298156738 258
1782642462462 1.0490039587020874 259
1782642462572 1.4560467004776 260
1782642462662 1.9325306415557861 261
1782642462748 1.4409767389297485 262
1782642462910 1.2892884016036987 263
1782642462991 2.5055103302001953 264
1782642463076 0.7915884256362915 265
1782642463147 1.108332633972168 266
1782642463243 0.97523432970047 267
1782642463374 0.6534216403961182 268
1782642463485 1.9282199144363403 269
1782642463568 1.3300094604492188 270
1782642463703 1.2754724025726318 271
1782642463868 1.7010445594787598 272
1782642463973 2.072421073913574 273
1782642464067 1.1175358295440674 274
1782642464266 1.3186793327331543 275
1782642464374 1.6125895977020264 276
1782642464457 1.3152538537979126 277
1782642464599 1.6299371719360352 278
1782642464681 1.440066933631897 279
1782642464771 1.6090835332870483 280
1782642464841 1.7142271995544434 281
1782642465115 1.4154695272445679 282
1782642465254 1.1940515041351318 283
1782642465367 1.6385911703109741 284
1782642465521 0.5760550498962402 285
1782642465636 0.8922628164291382 286
1782642465833 1.3458527326583862 287
1782642465931 0.5993099808692932 288
1782642466038 1.0855908393859863 289
1782642466117 1.41221284866333 290
1782642466204 0.793673038482666 291
1782642466440 1.631746768951416 292
1782642466611 1.9968516826629639 293
1782642466806 1.1969796419143677 294
1782642466884 2.2159972190856934 295
1782642466969 1.749834418296814 296
1782642467198 1.8970623016357422 297
1782642467373 1.0417417287826538 298
1782642467504 1.5538814067840576 299
1782642467608 0.4940892159938812 300
1782642467805 1.6582499742507935 301
1782642467988 1.1364446878433228 302
1782642468067 1.0642732381820679 303
1782642468175 0.6812617182731628 304
1782642468279 1.4992015361785889 305
1782642468462 1.177226185798645 306
1782642468533 1.9335682392120361 307
1782642468621 1.0369585752487183 308
1782642468707 0.8362798690795898 309
1782642468838 0.7011876106262207 310
1782642469070 1.3152151107788086 311
1782642469175 0.9004552960395813 312
1782642469249 1.5617389678955078 313
1782642469487 1.101525068283081 314
1782642469619 1.5453020334243774 315
1782642469692 0.8075390458106995 316
1782642469782 1.1250438690185547 317
1782642469970 0.7914756536483765 318
1782642470267 0.9989274144172668 319
1782642470472 1.175447940826416 320
1782642470684 0.8495534062385559 321
1782642470814 0.4930707514286041 322
1782642471000 0.6030130982398987 323
1782642471079 0.6426106095314026 324
1782642471155 1.055850863456726 325
1782642471251 1.2558982372283936 326
1782642471365 1.1832084655761719 327
1782642471447 0.9548149108886719 328
1782642471673 0.5370436906814575 329
1782642471789 0.9709641933441162 330
1782642471884 1.5883283615112305 331
1782642472095 0.9222047924995422 332
1782642472286 0.8026690483093262 333
1782642472452 0.8084487915039062 334
1782642472676 0.5528532266616821 335
1782642472822 0.9584116339683533 336
1782642472924 1.0057663917541504 337
1782642473185 0.7818084955215454 338
1782642473291 0.900987982749939 339
1782642473543 1.1823315620422363 340
1782642473682 0.3202313780784607 341
1782642473933 0.9570543169975281 342
1782642474163 0.8368755578994751 343
1782642474424 1.0854012966156006 344
1782642474572 1.0700106620788574 345
1782642474672 0.7869932055473328 346
1782642474750 0.8481724262237549 347
1782642474852 1.1803230047225952 348
1782642474932 2.010718584060669 349
1782642475001 0.8859036564826965 350
1782642475094 0.7380765676498413 351
1782642475254 1.3910298347473145 352
1782642475438 1.0369213819503784 353
1782642475675 0.29872608184814453 354
1782642475888 0.7076273560523987 355
1782642476099 0.3233582377433777 356
1782642476224 0.8596357107162476 357
1782642476440 1.6851246356964111 358
1782642476682 0.8649038076400757 359
1782642476891 0.9540678262710571 360
1782642476989 0.16821035742759705 361
1782642477073 0.8407112956047058 362
1782642477136 0.6968086361885071 363
1782642477208 0.7016147375106812 364
1782642477281 1.1552845239639282 365
1782642477349 0.5590830445289612 366
1782642477434 0.7660068273544312 367
1782642477521 0.7172391414642334 368
1782642477642 0.7387651801109314 369
1782642477737 1.1873012781143188 370
1782642477811 0.5873569846153259 371
1782642477885 0.996411144733429 372
1782642477958 0.7773498296737671 373
1782642478035 0.6351777911186218 374
1782642478107 1.1495959758758545 375
1782642478228 0.530484676361084 376
1782642478376 0.8282393217086792 377
1782642478491 0.8331619501113892 378
1782642478619 0.9645511507987976 379
1782642478779 0.9843834638595581 380
1782642478920 0.4782360792160034 381
1782642479006 0.45517227053642273 382
1782642479158 0.5161998271942139 383
1782642479258 0.6752014756202698 384
1782642479374 0.783071756362915 385
1782642479459 0.6688811182975769 386
1782642479645 0.28801533579826355 387
1782642479885 0.5822688937187195 388
1782642479976 0.49336764216423035 389
1782642480050 1.1973557472229004 390
1782642480141 0.6012954711914062 391
1782642480231 0.5816097855567932 392
1782642480317 0.5335962772369385 393
1782642480385 1.2493863105773926 394
1782642480457 1.0073670148849487 395
1782642480525 0.4693102240562439 396
1782642480607 0.45705682039260864 397
1782642480753 1.0678176879882812 398
1782642480989 0.8473852872848511 399
1782642481095 0.49512243270874023 400
1782642481306 0.23711223900318146 401
1782642481406 0.4923713207244873 402
1782642481590 0.36137667298316956 403
1782642481820 1.0967886447906494 404
1782642482062 0.4728498160839081 405
1782642482328 0.5751080513000488 406
1782642482611 1.0438967943191528 407
1782642482739 0.3237844407558441 408
1782642482885 0.6129406690597534 409
1782642483091 0.49676474928855896 410
1782642483280 0.674129068851471 411
1782642483492 0.9499048590660095 412
1782642483619 0.6954253911972046 413
1782642483865 0.550187885761261 414
1782642484053 0.38478150963783264 415
1782642484210 0.41417014598846436 416
1782642484335 0.3221607208251953 417
1782642484425 0.5554021000862122 418
1782642484512 0.9917444586753845 419
1782642484597 0.44612789154052734 420
1782642484674 0.4404603838920593 421
1782642484764 0.527489960193634 422
1782642484849 0.276738703250885 423
1782642484938 0.8182559013366699 424
1782642485027 1.277148962020874 425
1782642485116 0.4858251214027405 426
1782642485195 0.32234740257263184 427
1782642485274 0.38817378878593445 428
1782642485365 0.5751103758811951 429
1782642485486 0.8028922080993652 430
1782642485620 0.4932650327682495 431
1782642485692 0.6339878439903259 432
1782642485761 0.45348483324050903 433
1782642485881 0.6279585361480713 434
1782642485986 0.7502086162567139 435
1782642486077 0.6443053483963013 436
1782642486156 0.45462989807128906 437
1782642486253 0.15805944800376892 438
1782642486396 0.43066415190696716 439
1782642486580 0.37963971495628357 440
1782642486769 0.6360924243927002 441
1782642486867 0.3644462823867798 442
1782642487032 0.5499280095100403 443
1782642487203 0.5982547998428345 444
1782642487403 0.5522928237915039 445
1782642487631 0.5259822010993958 446
1782642487802 0.39116615056991577 447
1782642487898 0.2545415461063385 448
1782642488000 0.3392755389213562 449
1782642488078 0.4304351806640625 450
1782642488153 0.5011146068572998 451
1782642488229 0.4441964030265808 452
1782642488313 0.16640251874923706 453
1782642488407 0.3509925901889801 454
1782642488536 0.6070860028266907 455
1782642488670 0.42628413438796997 456
1782642488770 0.4382040500640869 457
1782642488869 0.4473235309123993 458
1782642488948 0.3279440104961395 459
1782642489018 0.5293104648590088 460
1782642489116 0.3943983316421509 461
1782642489196 0.4872385859489441 462
1782642489291 0.4657996892929077 463
1782642489457 0.1802997589111328 464
1782642489588 0.44299352169036865 465
1782642489679 0.5051324963569641 466
1782642489772 0.6148155331611633 467
1782642489889 0.46740397810935974 468
1782642490074 0.37283098697662354 469
1782642490179 0.4348337650299072 470
1782642490399 0.30197784304618835 471
1782642490488 0.29494261741638184 472
1782642490650 0.20679056644439697 473
1782642490835 0.31896376609802246 474
1782642491032 0.18463924527168274 475
1782642491275 0.41384732723236084 476
1782642491519 0.36277350783348083 477
1782642491734 0.387769490480423 478
1782642491884 0.4224134683609009 479
1782642491956 0.3073309659957886 480
1782642492056 0.2896491289138794 481
1782642492299 0.1659126877784729 482
1782642492514 0.4816977381706238 483
1782642492728 0.272816926240921 484
1782642492924 0.17722919583320618 485
1782642493156 0.49622637033462524 486
1782642493281 0.3291124105453491 487
1782642493469 0.3492976427078247 488
1782642493674 0.5749263763427734 489
1782642493880 0.3185068368911743 490
1782642494137 0.19266055524349213 491
1782642494244 0.2927577495574951 492
1782642494535 0.3177523612976074 493
1782642494759 0.4797361195087433 494
1782642494953 0.42237842082977295 495
1782642495113 0.264362633228302 496
1782642495247 0.44583413004875183 497
1782642495349 0.1733337640762329 498
1782642495525 0.20534582436084747 499
1782642495745 0.3830070197582245 500
1782642495986 0.3298710882663727 501
1782642496174 0.45918819308280945 502
1782642496374 0.41289570927619934 503
1782642496455 0.20242291688919067 504
1782642496549 0.3887651562690735 505
1782642496628 0.22924938797950745 506
1782642496695 0.286640465259552 507
1782642496765 0.35714128613471985 508
1782642496843 0.18782202899456024 509
1782642496915 0.28056102991104126 510
1782642496983 0.17448633909225464 511
1782642497058 0.30593740940093994 512
1782642497123 0.255740761756897 513
1782642497198 0.2904519736766815 514
1782642497284 0.2817351222038269 515
1782642497380 0.3091942071914673 516
1782642497555 0.3679453730583191 517
1782642497703 0.2893636226654053 518
1782642497947 0.27213355898857117 519
1782642498152 0.5042626261711121 520
1782642498339 0.258356511592865 521
1782642498529 0.23371392488479614 522
1782642498631 0.3805292248725891 523
1782642498733 0.1828410029411316 524
1782642498837 0.2021026611328125 525
1782642498967 0.34729599952697754 526
1782642499069 0.23195436596870422 527
1782642499144 0.4222942590713501 528
1782642499236 0.17182928323745728 529
1782642499308 0.3086644411087036 530
1782642499381 0.3401152193546295 531
1782642499461 0.24549761414527893 532
1782642499537 0.1942235827445984 533
1782642499627 0.2322833240032196 534
1782642499716 0.157797709107399 535
1782642499829 0.24115104973316193 536
1782642499940 0.2908376455307007 537
1782642500181 0.3434883952140808 538
1782642500276 0.29774993658065796 539
1782642500356 0.163186177611351 540
1782642500424 0.3009111285209656 541
1782642500500 0.2568519711494446 542
1782642500602 0.19244731962680817 543
1782642500679 0.19340495765209198 544
1782642500792 0.31335124373435974 545
1782642501009 0.16301019489765167 546
1782642501127 0.18120959401130676 547
1782642501228 0.3511838912963867 548
1782642501430 0.315279483795166 549
1782642501591 0.1497712880373001 550
1782642501687 0.2332974672317505 551
1782642501789 0.24156060814857483 552
1782642501889 0.24256178736686707 553
1782642502066 0.25021007657051086 554
1782642502245 0.2973269522190094 555
1782642502350 0.21460117399692535 556
1782642502451 0.4104771018028259 557
1782642502636 0.2688640356063843 558
1782642502782 0.21827144920825958 559
1782642502864 0.2132711112499237 560
1782642503051 0.15776698291301727 561
1782642503251 0.12366551160812378 562
1782642503458 0.17962417006492615 563
1782642503672 0.24837690591812134 564
1782642503880 0.17177005112171173 565
1782642504074 0.1682216376066208 566
1782642504290 0.1436423659324646 567
1782642504503 0.2733391523361206 568
1782642504609 0.15205137431621552 569
1782642504700 0.1423942595720291 570
1782642504789 0.18378311395645142 571
1782642504892 0.15892654657363892 572
1782642505055 0.1567370444536209 573
1782642505153 0.23826953768730164 574
1782642505271 0.2045372724533081 575
1782642505469 0.17061883211135864 576
1782642505683 0.1680380403995514 577
1782642505881 0.22919031977653503 578
1782642506079 0.20329415798187256 579
1782642506252 0.24271300435066223 580
1782642506478 0.16056281328201294 581
1782642506570 0.18794386088848114 582
1782642506728 0.1792360246181488 583
1782642506867 0.1433303952217102 584
1782642507162 0.2177436202764511 585
1782642507356 0.2442738562822342 586
1782642507511 0.13727422058582306 587
1782642507610 0.18487873673439026 588
1782642507689 0.1817646622657776 589
1782642507785 0.23623204231262207 590
1782642507937 0.17868077754974365 591
1782642508037 0.1306910365819931 592
1782642508116 0.13856208324432373 593
1782642508234 0.19523166120052338 594
1782642508359 0.1824292242527008 595
1782642508469 0.18684805929660797 596
1782642508572 0.17142558097839355 597
1782642508640 0.19875723123550415 598
1782642508757 0.16130031645298004 599
1782642508884 0.28322216868400574 600
1782642508979 0.22408835589885712 601
1782642509114 0.1672138273715973 602
1782642509303 0.24024322628974915 603
1782642509406 0.14556142687797546 604
1782642509631 0.11962659657001495 605
1782642509871 0.219113290309906 606
1782642509977 0.1174108237028122 607
1782642510098 0.20645321905612946 608
1782642510218 0.11303658783435822 609
1782642510388 0.18010330200195312 610
1782642510814 0.22646012902259827 611
1782642510996 0.14748011529445648 612
1782642511134 0.18697215616703033 613
1782642511224 0.26674264669418335 614
1782642511306 0.13366751372814178 615
1782642511396 0.20545701682567596 616
1782642511513 0.13620910048484802 617
1782642511585 0.13577397167682648 618
1782642511649 0.20120447874069214 619
1782642511711 0.12236703932285309 620
1782642511786 0.15752089023590088 621
1782642511872 0.11682632565498352 622
1782642511993 0.18823793530464172 623
1782642512322 0.17495191097259521 624
1782642512443 0.16319109499454498 625
1782642512513 0.1403777152299881 626
1782642512572 0.13603076338768005 627
1782642512634 0.18251614272594452 628
1782642512693 0.18021118640899658 629
1782642512762 0.18242406845092773 630
1782642512822 0.22355470061302185 631
1782642512883 0.1618715077638626 632
1782642512945 0.1284734010696411 633
1782642513011 0.13387086987495422 634
1782642513076 0.1909555196762085 635
1782642513193 0.16603678464889526 636
1782642513386 0.15287506580352783 637
1782642513547 0.18018582463264465 638
1782642513804 0.11937746405601501 639
1782642513873 0.15845370292663574 640
1782642513936 0.1755792647600174 641
1782642513997 0.11249963939189911 642
1782642514078 0.20945367217063904 643
1782642514165 0.1137109100818634 644
1782642514254 0.14300701022148132 645
1782642514323 0.1303861290216446 646
1782642514426 0.13804738223552704 647
1782642514542 0.09688390046358109 648
1782642514632 0.19213534891605377 649
1782642514853 0.12411367893218994 650
1782642515067 0.1329270601272583 651
1782642515165 0.1504318118095398 652
1782642515227 0.11534669250249863 653
1782642515303 0.17139801383018494 654
1782642515385 0.17097307741641998 655
1782642515463 0.14029064774513245 656
1782642515675 0.11909548938274384 657
1782642515796 0.16165606677532196 658
1782642515973 0.13973847031593323 659
1782642516072 0.14657431840896606 660
1782642516185 0.1290268898010254 661
1782642516391 0.1924569010734558 662
1782642516611 0.14222382009029388 663
1782642516828 0.14107772707939148 664
1782642516942 0.13082830607891083 665
1782642517011 0.15525789558887482 666
1782642517090 0.12768080830574036 667
1782642517162 0.09178919345140457 668
1782642517225 0.1927368938922882 669
1782642517314 0.16618233919143677 670
1782642517547 0.07622680068016052 671
1782642517637 0.10934287309646606 672
1782642517711 0.11892548203468323 673
1782642517815 0.11795845627784729 674
1782642517955 0.11077980697154999 675
1782642518133 0.18896466493606567 676
1782642518330 0.1426413357257843 677
1782642518475 0.12192817032337189 678
1782642518973 0.13536396622657776 679
1782642519248 0.17125000059604645 680
1782642519550 0.08840137720108032 681
1782642519882 0.116715207695961 682
1782642520427 0.12766997516155243 683
1782642520696 0.15839117765426636 684
1782642520955 0.13083015382289886 685
1782642521138 0.09491461515426636 686
1782642521210 0.13914242386817932 687
1782642521355 0.11414109170436859 688
1782642521449 0.08861727267503738 689
1782642521526 0.08700010180473328 690
1782642521598 0.0839041918516159 691
1782642521732 0.11325658857822418 692
1782642522675 0.09604911506175995 693
1782642522910 0.1131352037191391 694
1782642523123 0.09043163061141968 695
1782642523331 0.11580972373485565 696
1782642523486 0.09943293035030365 697
1782642523562 0.09901843965053558 698
1782642523642 0.0761013776063919 699
1782642523744 0.10974574834108353 700
1782642523852 0.11717784404754639 701
1782642523925 0.09203533828258514 702
1782642524001 0.07900327444076538 703
1782642524065 0.1248897910118103 704
1782642524135 0.14484411478042603 705
1782642524207 0.09479658305644989 706
1782642524275 0.08149653673171997 707
1782642524339 0.0798320323228836 708
1782642524472 0.10675080120563507 709
1782642524677 0.09263010323047638 710
1782642524762 0.0772879347205162 711
1782642524841 0.131295308470726 712
1782642524922 0.09443246573209763 713
1782642524988 0.08082455396652222 714
1782642525053 0.12423597276210785 715
1782642525129 0.08763279020786285 716
1782642525194 0.09231284260749817 717
1782642525263 0.11437879502773285 718
1782642525332 0.06578247249126434 719
1782642525395 0.09676894545555115 720
1782642525465 0.14581462740898132 721
1782642525534 0.08705902099609375 722
1782642525596 0.08256234228610992 723
1782642525695 0.11094855517148972 724
1782642525807 0.12307088077068329 725
1782642525900 0.0934797078371048 726
1782642526062 0.06788080930709839 727
1782642526208 0.08627796173095703 728
1782642526300 0.10080999881029129 729
1782642526388 0.12811332941055298 730
1782642526464 0.0893300399184227 731
1782642526628 0.11382803320884705 732
1782642526727 0.08214998245239258 733
1782642526958 0.06657826155424118 734
1782642527213 0.06660760194063187 735
1782642527520 0.09883876144886017 736
1782642527638 0.0626717209815979 737
1782642527869 0.11460298299789429 738
1782642528074 0.07394002377986908 739
1782642528306 0.05454044044017792 740
1782642528503 0.09673230350017548 741
1782642528635 0.10158229619264603 742
1782642528715 0.12680308520793915 743
1782642528796 0.10151663422584534 744
1782642528993 0.08768622577190399 745
1782642529062 0.11079668253660202 746
1782642529130 0.11441751569509506 747
1782642529192 0.0884910374879837 748
1782642529255 0.09170248359441757 749
1782642529354 0.1397489756345749 750
1782642529524 0.09557974338531494 751
1782642529753 0.12744274735450745 752
1782642529973 0.10886231809854507 753
1782642530294 0.09421166777610779 754
1782642530484 0.06554654985666275 755
1782642530684 0.07407405227422714 756
1782642530882 0.09365648031234741 757
1782642531102 0.09145566076040268 758
1782642531298 0.0669073760509491 759
1782642531391 0.09174832701683044 760
1782642531512 0.1088763102889061 761
1782642531667 0.07237512618303299 762
1782642531812 0.1086779236793518 763
1782642531907 0.07135213166475296 764
1782642532068 0.07571148127317429 765
1782642532271 0.04829484969377518 766
1782642532459 0.07470764219760895 767
1782642532607 0.05601361393928528 768
1782642532719 0.08133196085691452 769
1782642532850 0.0880170613527298 770
1782642533085 0.06437638401985168 771
1782642533286 0.07908854633569717 772
1782642533583 0.09347756206989288 773
1782642533760 0.08632036298513412 774
1782642533878 0.07333151996135712 775
1782642534053 0.08969253301620483 776
1782642534148 0.07760200649499893 777
1782642534227 0.07360240072011948 778
1782642534401 0.06528012454509735 779
1782642534518 0.12719053030014038 780
1782642534596 0.07255972921848297 781
1782642534666 0.06252758204936981 782
1782642534745 0.06482039391994476 783
1782642534843 0.07967875897884369 784
1782642534914 0.07444062829017639 785
1782642534999 0.08314970135688782 786
1782642535061 0.08053617179393768 787
1782642535124 0.058795664459466934 788
1782642535193 0.06099814921617508 789
1782642535291 0.08205811679363251 790
1782642535446 0.1039242073893547 791
1782642535522 0.07474198192358017 792
1782642535589 0.08882830291986465 793
1782642535650 0.08590105175971985 794
1782642535714 0.07872896641492844 795
1782642535779 0.11344743520021439 796
1782642535843 0.07035622000694275 797
1782642535904 0.0612468346953392 798
1782642535967 0.08022277057170868 799
1782642536031 0.044274091720581055 800
1782642536259 0.07963252812623978 801
1782642536350 0.0542510487139225 802
1782642536444 0.10425226390361786 803
1782642536528 0.0936083272099495 804
1782642536611 0.09059425443410873 805
1782642536727 0.05391249805688858 806
1782642536804 0.07444606721401215 807
1782642536914 0.042286910116672516 808
1782642537128 0.07683564722537994 809
1782642537208 0.053661130368709564 810
1782642537277 0.07032676041126251 811
1782642537368 0.11023540049791336 812
1782642537622 0.054830726236104965 813
1782642537829 0.09493757784366608 814
1782642538062 0.04456459730863571 815
1782642538225 0.05957464873790741 816
1782642538429 0.07226304709911346 817
1782642538649 0.09057536721229553 818
1782642538939 0.04718976467847824 819
1782642539174 0.055844470858573914 820
1782642539357 0.07226671278476715 821
1782642539502 0.09818920493125916 822
1782642539700 0.08052017539739609 823
1782642540094 0.0888824462890625 824
1782642540257 0.0538770966231823 825
1782642540436 0.05638309195637703 826
1782642540554 0.08065658807754517 827
1782642540798 0.08541414141654968 828
1782642541050 0.036743491888046265 829
1782642541245 0.06601560860872269 830
1782642541424 0.07512877881526947 831
1782642541571 0.11244545876979828 832
1782642541748 0.09811105579137802 833
1782642541951 0.09973366558551788 834
1782642542167 0.0637301504611969 835
1782642542450 0.10800747573375702 836
1782642542652 0.1127663254737854 837
1782642542804 0.07979045808315277 838
1782642542993 0.061683475971221924 839
1782642543226 0.0988364964723587 840
1782642543391 0.10484422743320465 841
1782642543523 0.05083445832133293 842
1782642543620 0.06801309436559677 843
1782642543797 0.07930202782154083 844
1782642544063 0.06811271607875824 845
1782642544205 0.0595548152923584 846
1782642544370 0.041773274540901184 847
1782642544590 0.07057717442512512 848
1782642544751 0.0757104754447937 849
1782642544898 0.04893750324845314 850
1782642545037 0.059098199009895325 851
1782642545258 0.05519559979438782 852
1782642545458 0.07115796208381653 853
1782642545672 0.07954183220863342 854
1782642545840 0.09220117330551147 855
1782642546022 0.08576458692550659 856
1782642546310 0.07041865587234497 857
1782642546490 0.03852486237883568 858
1782642546666 0.07304038107395172 859
1782642546810 0.047168754041194916 860
1782642546960 0.055010609328746796 861
1782642547103 0.05607385188341141 862
1782642547244 0.05605851858854294 863
1782642547363 0.05750063806772232 864
1782642547547 0.03734024614095688 865
1782642547737 0.07515415549278259 866
1782642547918 0.0886179506778717 867
1782642548028 0.08292391896247864 868
1782642548132 0.06950713694095612 869
1782642548232 0.048658549785614014 870
1782642548353 0.05943932384252548 871
1782642548596 0.05059416592121124 872
1782642548795 0.04394734650850296 873
1782642548930 0.0667911171913147 874
1782642549093 0.06548301875591278 875
1782642549252 0.06008688732981682 876
1782642549389 0.0813661515712738 877
1782642549496 0.04707159474492073 878
1782642549731 0.035567715764045715 879
1782642549895 0.05237440764904022 880
1782642550052 0.06604630500078201 881
1782642550206 0.04268772900104523 882
1782642550452 0.05431634560227394 883
1782642550722 0.03190579265356064 884
1782642550910 0.05118668079376221 885
1782642551225 0.05666983872652054 886
1782642551340 0.06586677581071854 887
1782642551488 0.0571892112493515 888
1782642551592 0.09371984004974365 889
1782642551677 0.08304481208324432 890
1782642551781 0.059175342321395874 891
1782642551947 0.05160461366176605 892
1782642552155 0.038046739995479584 893
1782642552341 0.044702157378196716 894
1782642552526 0.08728402853012085 895
1782642552617 0.07698367536067963 896
1782642552848 0.06196527183055878 897
1782642553058 0.04434797912836075 898
1782642553300 0.05283672362565994 899
1782642553652 0.08922059834003448 900
1782642553845 0.049806710332632065 901
1782642554002 0.0683453232049942 902
1782642554162 0.05370224267244339 903
1782642554344 0.0499899685382843 904
1782642554507 0.06781232357025146 905
1782642554642 0.08201821148395538 906
1782642554790 0.09444672614336014 907
1782642554971 0.03696168586611748 908
1782642555124 0.06668515503406525 909
1782642555208 0.05303596705198288 910
1782642555392 0.03876607120037079 911
1782642555505 0.05804853141307831 912
1782642555701 0.025188464671373367 913
1782642555776 0.04532657563686371 914
1782642555854 0.050957731902599335 915
1782642555924 0.07122889906167984 916
1782642555995 0.04119739681482315 917
1782642556291 0.04510855674743652 918
1782642556446 0.04991494491696358 919
1782642556547 0.04949697107076645 920
1782642556637 0.03948431834578514 921
1782642556713 0.05479934811592102 922
1782642556826 0.11513395607471466 923
1782642557062 0.06735853105783463 924
1782642557253 0.08532668650150299 925
1782642557345 0.0628988966345787 926
1782642557467 0.050780054181814194 927
1782642557538 0.06457395106554031 928
1782642557610 0.07004006952047348 929
1782642557680 0.05998046323657036 930
1782642557750 0.0402718223631382 931
1782642557815 0.06056668236851692 932
1782642557878 0.02834305912256241 933
1782642557939 0.06305020302534103 934
1782642558006 0.04081026837229729 935
1782642558076 0.06318478286266327 936
1782642559716 0.06058286875486374 937
1782642559794 0.0684196799993515 938
1782642559869 0.06773701310157776 939
1782642559945 0.05187642201781273 940
1782642560084 0.054548196494579315 941
1782642560208 0.05785246565937996 942
1782642560422 0.09550704061985016 943
1782642560518 0.049564145505428314 944
1782642560589 0.04818987473845482 945
1782642560668 0.06158929690718651 946
1782642560795 0.05431400239467621 947
1782642560885 0.04791092872619629 948
1782642560957 0.057830385863780975 949
1782642561054 0.07398330420255661 950
1782642561160 0.045072004199028015 951
1782642561402 0.045978426933288574 952
1782642561565 0.05862373113632202 953
1782642561650 0.04043860733509064 954
1782642561799 0.05067576467990875 955
1782642561944 0.05323069915175438 956
1782642562058 0.06606802344322205 957
1782642562283 0.046061817556619644 958
1782642562643 0.04001646861433983 959
1782642562829 0.058721981942653656 960
1782642563027 0.061699625104665756 961
1782642563194 0.05602429062128067 962
1782642563372 0.04147161915898323 963
1782642563546 0.04357249289751053 964
1782642563687 0.04152241349220276 965
1782642563824 0.05631272494792938 966
1782642563959 0.07951869070529938 967
1782642564127 0.03780132904648781 968
1782642564291 0.041889335960149765 969
1782642564486 0.06470640748739243 970
1782642564633 0.06443048268556595 971
1782642564872 0.06643564999103546 972
1782642565059 0.05344875901937485 973
1782642565226 0.03921593353152275 974
1782642565409 0.06804889440536499 975
1782642565574 0.04571780562400818 976
1782642565763 0.04986979439854622 977
1782642565921 0.04904105141758919 978
1782642566077 0.05034083500504494 979
1782642566242 0.030094962567090988 980
1782642566474 0.06371244788169861 981
1782642566653 0.07998545467853546 982
1782642566809 0.07931514829397202 983
1782642567047 0.037410005927085876 984
1782642567386 0.04603811353445053 985
1782642567548 0.05477665364742279 986
1782642567734 0.028002779930830002 987
1782642568254 0.04945404455065727 988
1782642568461 0.04750465974211693 989
1782642568600 0.0555436909198761 990
1782642568747 0.061704665422439575 991
1782642568956 0.0316978357732296 992
1782642569217 0.07021057605743408 993
1782642569417 0.0417499803006649 994
1782642569599 0.05481778085231781 995
1782642569788 0.05743776261806488 996
1782642569898 0.048486221581697464 997
1782642570093 0.050088152289390564 998
1782642570284 0.039141323417425156 999
1782642570462 0.026280324906110764 1000
1782642570693 0.06372949481010437 1001
1782642570798 0.08648950606584549 1002
1782642570993 0.056255239993333817 1003
1782642571132 0.03811867535114288 1004
1782642571310 0.03612378239631653 1005
1782642571393 0.06627675890922546 1006
1782642571463 0.07825407385826111 1007
1782642571668 0.06049421429634094 1008
1782642571753 0.06804817914962769 1009
1782642571926 0.033899784088134766 1010
1782642572149 0.0457046814262867 1011
1782642572421 0.05619388818740845 1012
1782642572563 0.05262870341539383 1013
1782642572734 0.09042271971702576 1014
1782642572929 0.05696440488100052 1015
1782642573127 0.05799747258424759 1016
1782642573309 0.04105652496218681 1017
1782642573495 0.04302302747964859 1018
1782642573639 0.06738308072090149 1019
1782642573859 0.04071906954050064 1020
1782642574074 0.056478165090084076 1021
1782642574261 0.06116466596722603 1022
1782642574540 0.07169613987207413 1023
1782642574691 0.040447916835546494 1024
1782642574854 0.05720601975917816 1025
1782642574951 0.053836070001125336 1026
1782642575093 0.05768013000488281 1027
1782642575302 0.02948584035038948 1028
1782642575451 0.04638610780239105 1029
1782642575624 0.06492683291435242 1030
1782642575743 0.07002699375152588 1031
1782642575925 0.0727090835571289 1032
1782642576109 0.04018689692020416 1033
1782642576261 0.07127999514341354 1034
1782642576495 0.06064608693122864 1035
1782642576722 0.03489171341061592 1036
1782642576985 0.029583998024463654 1037
1782642577339 0.04499438405036926 1038
1782642577589 0.04876570776104927 1039
1782642577836 0.0383705236017704 1040
1782642578108 0.05435202270746231 1041
1782642578284 0.024247415363788605 1042
1782642578382 0.06471554934978485 1043
1782642578454 0.09711822867393494 1044
1782642578586 0.04812582582235336 1045
1782642579240 0.037264540791511536 1046
1782642579476 0.03649657219648361 1047
1782642579656 0.05409514904022217 1048
1782642579836 0.03615431487560272 1049
1782642579981 0.05496272072196007 1050
1782642580088 0.030946191400289536 1051
1782642580337 0.048604607582092285 1052
1782642580539 0.0536428838968277 1053
1782642580745 0.0643170028924942 1054
1782642581041 0.082365021109581 1055
1782642581193 0.04127278923988342 1056
1782642581277 0.06568765640258789 1057
1782642581356 0.04734397679567337 1058
1782642581558 0.0651974156498909 1059
1782642581663 0.05884616822004318 1060
1782642581839 0.05388740450143814 1061
1782642581953 0.05578746646642685 1062
1782642582240 0.08481115102767944 1063
1782642582438 0.05863821506500244 1064
1782642582691 0.04808283969759941 1065
1782642582796 0.05700163543224335 1066
1782642582884 0.04245539382100105 1067
1782642582959 0.07139436155557632 1068
1782642583026 0.04875887185335159 1069
1782642583310 0.062393706291913986 1070
1782642583560 0.049670733511447906 1071
1782642583726 0.07833981513977051 1072
1782642583862 0.041907504200935364 1073
1782642583971 0.05728604644536972 1074
1782642584040 0.04945039376616478 1075
1782642584114 0.04625915363430977 1076
1782642584197 0.041674546897411346 1077
1782642584258 0.055902838706970215 1078
1782642584371 0.02519119530916214 1079
1782642584530 0.029779862612485886 1080
1782642584656 0.04274855926632881 1081
1782642584924 0.030598420649766922 1082
1782642585124 0.058205053210258484 1083
1782642585366 0.04772565886378288 1084
1782642585650 0.0594496876001358 1085
1782642585732 0.0490461029112339 1086
1782642585803 0.048828888684511185 1087
1782642585873 0.023921184241771698 1088
1782642585939 0.028949536383152008 1089
1782642586007 0.08335311710834503 1090
1782642586073 0.035575345158576965 1091
1782642586135 0.05660029873251915 1092
1782642586197 0.04889317974448204 1093
1782642586279 0.05018987879157066 1094
1782642586385 0.06022506579756737 1095
1782642586478 0.045013219118118286 1096
1782642586556 0.03035014122724533 1097
1782642586638 0.033627524971961975 1098
1782642586709 0.056317463517189026 1099
1782642586813 0.04228735342621803 1100
1782642587026 0.051950857043266296 1101
1782642587219 0.0235469788312912 1102
1782642587344 0.048620931804180145 1103
1782642587743 0.06179860234260559 1104
1782642588092 0.04868017137050629 1105
1782642588271 0.040849823504686356 1106
1782642588467 0.04762004315853119 1107
1782642588676 0.05039183050394058 1108
1782642588976 0.02263508550822735 1109
1782642589126 0.026736117899417877 1110
1782642589278 0.0366397500038147 1111
1782642589577 0.03205963969230652 1112
1782642589780 0.06990262866020203 1113
1782642589960 0.05415050685405731 1114
1782642590104 0.055724579840898514 1115
1782642590255 0.04953966289758682 1116
1782642590402 0.05175631120800972 1117
1782642590509 0.03655838221311569 1118
1782642590642 0.08883373439311981 1119
1782642590781 0.03644167631864548 1120
1782642590985 0.052424587309360504 1121
1782642591166 0.03852389380335808 1122
1782642591367 0.026692012324929237 1123
1782642591458 0.06980329006910324 1124
1782642591545 0.03552613407373428 1125
1782642591613 0.05099492147564888 1126
1782642591691 0.06453763693571091 1127
1782642591844 0.03888702392578125 1128
1782642591925 0.05322215333580971 1129
1782642591997 0.03448580205440521 1130
1782642592116 0.029804883524775505 1131
1782642592235 0.09177906811237335 1132
1782642592418 0.02900037169456482 1133
1782642592525 0.045799486339092255 1134
1782642592610 0.03450208902359009 1135
1782642592703 0.01996554248034954 1136
1782642592910 0.029444187879562378 1137
1782642593024 0.0573318749666214 1138
1782642593204 0.04944666475057602 1139
1782642593299 0.043406710028648376 1140
1782642593372 0.027842868119478226 1141
1782642593459 0.03350966051220894 1142
1782642593553 0.021175898611545563 1143
1782642593649 0.04862105846405029 1144
1782642593780 0.0265667662024498 1145
1782642593894 0.06405974924564362 1146
1782642594067 0.058412104845047 1147
1782642594154 0.05666837841272354 1148
1782642594231 0.056383468210697174 1149
1782642594309 0.0488194040954113 1150
1782642594379 0.055662550032138824 1151
1782642594451 0.04512488469481468 1152
1782642594522 0.04581978917121887 1153
1782642594603 0.023866191506385803 1154
1782642594662 0.03424641862511635 1155
1782642594884 0.03777695074677467 1156
1782642594968 0.049355026334524155 1157
1782642595077 0.03317408263683319 1158
1782642595263 0.02327057346701622 1159
1782642595348 0.042481593787670135 1160
1782642595439 0.020534563809633255 1161
1782642595537 0.05012638121843338 1162
1782642595605 0.01891297660768032 1163
1782642595670 0.01847030222415924 1164
1782642595733 0.03662756457924843 1165
1782642595854 0.019239073619246483 1166
1782642596170 0.0775335505604744 1167
1782642596337 0.06000477820634842 1168
1782642596537 0.028997648507356644 1169
1782642596705 0.0650288462638855 1170
1782642597010 0.05928947776556015 1171
1782642597230 0.02067638374865055 1172
1782642597387 0.03517577797174454 1173
1782642597533 0.044923409819602966 1174
1782642597708 0.02846909686923027 1175
1782642597852 0.03412522003054619 1176
1782642598035 0.018605563789606094 1177
1782642598209 0.0372050404548645 1178
1782642598395 0.07534325122833252 1179
1782642598582 0.04401709884405136 1180
1782642598732 0.017720526084303856 1181
1782642598862 0.04777541384100914 1182
1782642598984 0.087108314037323 1183
1782642599130 0.03943303972482681 1184
1782642599270 0.07788076996803284 1185
1782642599467 0.06224065274000168 1186
1782642599621 0.03959823399782181 1187
1782642599763 0.019626054912805557 1188
1782642599922 0.05188834294676781 1189
1782642600114 0.04506714642047882 1190
1782642600325 0.046578601002693176 1191
1782642600472 0.07028276473283768 1192
1782642601067 0.0448654405772686 1193
1782642601185 0.04759739711880684 1194
1782642601359 0.031894829124212265 1195
1782642601512 0.03963707759976387 1196
1782642601631 0.034127820283174515 1197
1782642601773 0.029150867834687233 1198
1782642601944 0.03462643921375275 1199
1782642602072 0.03290603309869766 1200
1782642602181 0.033264368772506714 1201
1782642602314 0.04690683260560036 1202
1782642602392 0.03446238860487938 1203
1782642602577 0.02986392192542553 1204
1782642602652 0.04277639463543892 1205
1782642602724 0.06402517855167389 1206
1782642602785 0.037633512169122696 1207
1782642602857 0.018721362575888634 1208
1782642602924 0.04911874607205391 1209
1782642602999 0.01633373647928238 1210
1782642603062 0.04767720028758049 1211
1782642603129 0.029633348807692528 1212
1782642603204 0.03774231672286987 1213
1782642603294 0.025153284892439842 1214
1782642603373 0.049338847398757935 1215
1782642603452 0.04030313715338707 1216
1782642603521 0.02421189844608307 1217
1782642603592 0.029620928689837456 1218
1782642603666 0.04534030333161354 1219
1782642603731 0.03729105740785599 1220
1782642603790 0.061228975653648376 1221
1782642603852 0.06052444875240326 1222
1782642603917 0.02834261953830719 1223
1782642603986 0.058738481253385544 1224
1782642604049 0.026569703593850136 1225
1782642604109 0.028728075325489044 1226
1782642604171 0.04690863937139511 1227
1782642604239 0.027684219181537628 1228
1782642604298 0.020485244691371918 1229
1782642604360 0.03231743350625038 1230
1782642604437 0.032830994576215744 1231
1782642604538 0.06926373392343521 1232
1782642604684 0.018083970993757248 1233
1782642604769 0.0292174331843853 1234
1782642604862 0.04169749468564987 1235
1782642604940 0.04491955041885376 1236
1782642605017 0.04228885471820831 1237
1782642605102 0.04311081022024155 1238
1782642605172 0.04026789963245392 1239
1782642605241 0.05613073334097862 1240
1782642605313 0.017350943759083748 1241
1782642605387 0.050448451191186905 1242
1782642605451 0.038479287177324295 1243
1782642605515 0.0790109634399414 1244
1782642605575 0.025197919458150864 1245
1782642605642 0.05934472382068634 1246
1782642605703 0.03472831845283508 1247
1782642605764 0.06954871118068695 1248
1782642605828 0.0551229864358902 1249
1782642605887 0.03600046783685684 1250
1782642605956 0.037021733820438385 1251
1782642606041 0.03171705827116966 1252
1782642606225 0.05928245559334755 1253
1782642606324 0.028694968670606613 1254
1782642606522 0.03201368823647499 1255
1782642606717 0.05345737189054489 1256
1782642607023 0.06372027844190598 1257
1782642607176 0.038957379758358 1258
1782642607330 0.05374358594417572 1259
1782642607439 0.04144333302974701 1260
1782642607590 0.050219085067510605 1261
1782642607806 0.023954039439558983 1262
1782642607918 0.025280646979808807 1263
1782642608066 0.028128722682595253 1264
1782642608231 0.0453680045902729 1265
1782642608362 0.058719877153635025 1266
1782642608541 0.0549425408244133 1267
1782642608658 0.03248587250709534 1268
1782642608791 0.05563139542937279 1269
1782642608971 0.05295196920633316 1270
1782642609122 0.019623730331659317 1271
1782642609416 0.034757159650325775 1272
1782642609548 0.06452594697475433 1273
1782642609795 0.03839902579784393 1274
1782642610058 0.11636550724506378 1275
1782642610173 0.033547744154930115 1276
1782642610319 0.02056347019970417 1277
1782642610559 0.047206610441207886 1278
1782642610748 0.03148798272013664 1279
1782642610926 0.022444743663072586 1280
1782642611057 0.03007962927222252 1281
1782642611240 0.062056928873062134 1282
1782642611441 0.018427476286888123 1283
1782642611763 0.048294585198163986 1284
1782642612143 0.05278380587697029 1285
1782642612452 0.03380308672785759 1286
1782642612747 0.037765420973300934 1287
1782642613278 0.05652406066656113 1288
1782642613456 0.023791197687387466 1289
1782642613600 0.04091528430581093 1290
1782642613712 0.037595756351947784 1291
1782642613852 0.05023854970932007 1292
1782642614006 0.05623462051153183 1293
1782642614148 0.03233851119875908 1294
1782642614300 0.04942876845598221 1295
1782642614488 0.05061929672956467 1296
1782642614733 0.03245079889893532 1297
1782642614876 0.022801626473665237 1298
1782642615086 0.06560055911540985 1299
1782642615258 0.036201462149620056 1300
1782642615499 0.036802515387535095 1301
1782642615642 0.025004882365465164 1302
1782642615868 0.06858930736780167 1303
1782642616082 0.017518239095807076 1304
1782642616219 0.04571429267525673 1305
1782642616419 0.0184335820376873 1306
1782642616597 0.04533799737691879 1307
1782642616774 0.03293963521718979 1308
1782642616938 0.03312812000513077 1309
1782642617075 0.11112633347511292 1310
1782642617207 0.03256725147366524 1311
1782642617366 0.031032385304570198 1312
1782642617507 0.042579591274261475 1313
1782642617794 0.03581018000841141 1314
1782642617982 0.030806362628936768 1315
1782642618171 0.039080992341041565 1316
1782642618372 0.035197388380765915 1317
1782642618651 0.029044490307569504 1318
1782642618776 0.02988920360803604 1319
1782642618975 0.049469850957393646 1320
1782642619152 0.037152670323848724 1321
1782642619429 0.03462308645248413 1322
1782642619638 0.02546156756579876 1323
1782642619799 0.057516880333423615 1324
1782642620043 0.0442332997918129 1325
1782642620279 0.04968872293829918 1326
1782642620461 0.03844204917550087 1327
1782642620719 0.031110811978578568 1328
1782642621001 0.04259444773197174 1329
1782642621290 0.03729407861828804 1330
1782642621547 0.04586899280548096 1331
1782642621684 0.05105976015329361 1332
1782642621817 0.04788445681333542 1333
1782642621954 0.037705421447753906 1334
1782642622268 0.06236020475625992 1335
1782642622477 0.05311455577611923 1336
1782642622647 0.04222980514168739 1337
1782642622742 0.03429794684052467 1338
1782642622906 0.02090156078338623 1339
1782642623005 0.027206191793084145 1340
1782642623171 0.05227619409561157 1341
1782642623270 0.025123992934823036 1342
1782642623421 0.03420976921916008 1343
1782642623561 0.030354231595993042 1344
1782642623691 0.017665812745690346 1345
1782642624422 0.02774663269519806 1346
1782642624625 0.015556944534182549 1347
1782642624708 0.07010442018508911 1348
1782642624819 0.046027086675167084 1349
1782642624903 0.038015276193618774 1350
1782642625104 0.019962351769208908 1351
1782642625278 0.02106170915067196 1352
1782642625370 0.0619548074901104 1353
1782642625491 0.07624436169862747 1354
1782642625577 0.0270144734531641 1355
1782642625737 0.03501751646399498 1356
1782642625827 0.04673312231898308 1357
1782642625992 0.026364829391241074 1358
1782642626109 0.0316489040851593 1359
1782642626197 0.022291889414191246 1360
1782642626277 0.03294467180967331 1361
1782642626347 0.036380089819431305 1362
1782642626425 0.0269926730543375 1363
1782642626587 0.034069500863552094 1364
1782642626698 0.031273066997528076 1365
1782642626790 0.034489016979932785 1366
1782642626945 0.030941499397158623 1367
1782642627050 0.048979222774505615 1368
1782642627137 0.05348057672381401 1369
1782642627252 0.06042570248246193 1370
1782642627341 0.049021586775779724 1371
1782642627431 0.020122066140174866 1372
1782642627750 0.03768051415681839 1373
1782642627893 0.03160299360752106 1374
1782642628125 0.0909072607755661 1375
1782642628258 0.06728673726320267 1376
1782642628431 0.05297458916902542 1377
1782642628510 0.0511864498257637 1378
1782642628627 0.04122073948383331 1379
1782642628707 0.0238588098436594 1380
1782642628798 0.03930754214525223 1381
1782642628875 0.020983079448342323 1382
1782642628946 0.03592278063297272 1383
1782642629014 0.03184249624609947 1384
1782642629077 0.04071682691574097 1385
1782642629139 0.038874439895153046 1386
1782642629206 0.03469790145754814 1387
1782642629269 0.028150180354714394 1388
1782642629330 0.0314154326915741 1389
1782642629405 0.04046051576733589 1390
1782642629524 0.030558187514543533 1391
1782642629638 0.029066700488328934 1392
1782642629737 0.03229561448097229 1393
1782642629841 0.04607663303613663 1394
1782642629926 0.04406815394759178 1395
1782642630028 0.022708307951688766 1396
1782642630239 0.04595812410116196 1397
1782642630336 0.027770984917879105 1398
1782642630664 0.032025765627622604 1399
1782642631513 0.04150482267141342 1400
1782642631749 0.016188573092222214 1401
1782642631855 0.04998539388179779 1402
1782642631933 0.04221420735120773 1403
1782642632153 0.03674537315964699 1404
1782642632385 0.04748354107141495 1405
1782642632513 0.037428729236125946 1406
1782642632654 0.019489018246531487 1407
1782642632811 0.04952621832489967 1408
1782642632960 0.06528326869010925 1409
1782642633123 0.048977144062519073 1410
1782642633272 0.04438040778040886 1411
1782642633490 0.02124316245317459 1412
1782642633677 0.037407372146844864 1413
1782642633927 0.05854494869709015 1414
1782642634072 0.030298251658678055 1415
1782642634240 0.04626324772834778 1416
1782642634409 0.053370989859104156 1417
1782642634628 0.030465811491012573 1418
1782642634878 0.03225528076291084 1419
1782642635076 0.017257019877433777 1420
1782642635240 0.06200804188847542 1421
1782642635403 0.026160184293985367 1422
1782642635551 0.03611331805586815 1423
1782642635703 0.01953294686973095 1424
1782642635868 0.026971088722348213 1425
1782642636126 0.02546321600675583 1426
1782642636313 0.03280376270413399 1427
1782642636794 0.025700915604829788 1428
1782642636919 0.044698745012283325 1429
1782642637036 0.06626348197460175 1430
1782642637179 0.07022009789943695 1431
1782642637315 0.047228578478097916 1432
1782642637536 0.04320964589715004 1433
1782642637689 0.023092638701200485 1434
1782642637803 0.03252117708325386 1435
1782642637943 0.03768742457032204 1436
1782642638086 0.05415388196706772 1437
1782642638174 0.026408452540636063 1438
1782642638277 0.041468266397714615 1439
1782642638417 0.025937430560588837 1440
1782642638629 0.04291306808590889 1441
1782642638770 0.03921867161989212 1442
1782642638846 0.0320926159620285 1443
1782642638954 0.023148786276578903 1444
1782642639136 0.060327861458063126 1445
1782642639236 0.04179168492555618 1446
1782642639352 0.026720350608229637 1447
1782642639527 0.04190174862742424 1448
1782642639701 0.08859758079051971 1449
1782642639794 0.02427840419113636 1450
1782642639912 0.04034048318862915 1451
1782642640006 0.03975792974233627 1452
1782642640220 0.0198478065431118 1453
1782642640424 0.026105036959052086 1454
1782642640526 0.14363786578178406 1455
1782642640612 0.02963905781507492 1456
1782642640696 0.038820862770080566 1457
1782642640905 0.0389457643032074 1458
1782642641028 0.04699135199189186 1459
1782642641244 0.034179192036390305 1460
1782642641418 0.02040964365005493 1461
1782642641587 0.022337693721055984 1462
1782642641759 0.031807251274585724 1463
1782642641955 0.03251995891332626 1464
1782642642085 0.047821175307035446 1465
1782642642451 0.02927805483341217 1466
1782642642628 0.03341450169682503 1467
1782642642928 0.02599618211388588 1468
1782642643082 0.018908025696873665 1469
1782642643316 0.020275190472602844 1470
1782642643500 0.03811430558562279 1471
1782642643667 0.03147517889738083 1472
1782642643829 0.06301338970661163 1473
1782642643957 0.0959119200706482 1474
1782642644102 0.026482436805963516 1475
1782642644650 0.021010512486100197 1476
1782642644833 0.014730396680533886 1477
1782642644977 0.04274992644786835 1478
1782642645078 0.058132708072662354 1479
1782642645174 0.03225000947713852 1480
1782642645271 0.0374397374689579 1481
1782642645365 0.04223121702671051 1482
1782642645464 0.05026412382721901 1483
1782642645560 0.034467749297618866 1484
1782642645652 0.03498436138033867 1485
1782642645737 0.03255259245634079 1486
1782642645818 0.03930901736021042 1487
1782642645906 0.025286199524998665 1488
1782642645982 0.021143829450011253 1489
1782642646056 0.032119736075401306 1490
1782642646125 0.05103382468223572 1491
1782642646200 0.022665884345769882 1492
1782642646262 0.010438316501677036 1493
1782642646338 0.032716307789087296 1494
1782642646431 0.03802043944597244 1495
1782642646525 0.034253884106874466 1496
1782642646605 0.04138568043708801 1497
1782642646750 0.028964407742023468 1498
1782642646857 0.03028440661728382 1499
1782642647050 0.059644438326358795 1500
1782642647258 0.018950171768665314 1501
1782642647463 0.048950619995594025 1502
1782642647570 0.04680375009775162 1503
1782642647679 0.030299538746476173 1504
1782642647773 0.04569847881793976 1505
1782642647887 0.037378109991550446 1506
1782642647953 0.045803263783454895 1507
1782642648147 0.02043190598487854 1508
1782642648391 0.05662190914154053 1509
1782642648619 0.07512562721967697 1510
1782642648716 0.03720355033874512 1511
1782642648808 0.03991927579045296 1512
1782642648878 0.019257012754678726 1513
1782642648937 0.04646097868680954 1514
1782642649001 0.023932989686727524 1515
1782642649077 0.03401176258921623 1516
1782642649150 0.026156596839427948 1517
1782642649228 0.04036000743508339 1518
1782642649305 0.037155792117118835 1519
1782642649433 0.035946305841207504 1520
1782642649515 0.036790646612644196 1521
1782642649703 0.027891701087355614 1522
1782642649785 0.0694209411740303 1523
1782642649964 0.06326454132795334 1524
1782642650072 0.05154184252023697 1525
1782642650160 0.024728860706090927 1526
1782642650374 0.058992087841033936 1527
1782642650468 0.06055651232600212 1528
1782642650547 0.02120978757739067 1529
1782642650636 0.03333543613553047 1530
1782642650723 0.03595448657870293 1531
1782642650803 0.03271951526403427 1532
1782642650903 0.012054506689310074 1533
1782642650980 0.03359223157167435 1534
1782642651037 0.023520834743976593 1535
1782642651103 0.04076160490512848 1536
1782642651182 0.05692832171916962 1537
1782642651254 0.05171026289463043 1538
1782642651343 0.06492775678634644 1539
1782642651515 0.04275509715080261 1540
1782642651722 0.059960778802633286 1541
1782642651828 0.0557188056409359 1542
1782642651984 0.03387643024325371 1543
1782642652082 0.025596830993890762 1544
1782642652214 0.05223304033279419 1545
1782642652307 0.025431031361222267 1546
1782642652386 0.05002998933196068 1547
1782642652453 0.021699516102671623 1548
1782642652517 0.03354082629084587 1549
1782642652593 0.038571469485759735 1550
1782642652658 0.06230846047401428 1551
1782642652720 0.0704994723200798 1552
1782642652781 0.06252692639827728 1553
1782642652838 0.062370046973228455 1554
1782642652898 0.045937784016132355 1555
1782642652965 0.012034323066473007 1556
1782642653041 0.03701051324605942 1557
1782642653128 0.04499107599258423 1558
1782642653208 0.03538856655359268 1559
1782642653304 0.01907358691096306 1560
1782642653384 0.042359113693237305 1561
1782642653523 0.028040118515491486 1562
1782642653627 0.010192221961915493 1563
1782642653695 0.05376148223876953 1564
1782642653783 0.02605382911860943 1565
1782642653860 0.05079673230648041 1566
1782642654080 0.05102849379181862 1567
1782642654186 0.032671939581632614 1568
1782642654267 0.028135284781455994 1569
1782642654336 0.03557209298014641 1570
1782642654411 0.03644872456789017 1571
1782642654473 0.05285711586475372 1572
1782642654587 0.05710843950510025 1573
1782642654678 0.03479752317070961 1574
1782642654795 0.024487514048814774 1575
1782642654881 0.06121848523616791 1576
1782642655038 0.05296840891242027 1577
1782642655146 0.034649088978767395 1578
1782642655216 0.03233303874731064 1579
1782642655279 0.03711169958114624 1580
1782642655345 0.046351734548807144 1581
1782642655413 0.067488893866539 1582
1782642655486 0.0345306396484375 1583
1782642655564 0.04051226004958153 1584
1782642655645 0.038886308670043945 1585
1782642655735 0.06292150914669037 1586
1782642655813 0.021900884807109833 1587
1782642655890 0.05673421546816826 1588
1782642655966 0.043557412922382355 1589
1782642656042 0.02275097742676735 1590
1782642656112 0.0800543949007988 1591
1782642656178 0.03755724057555199 1592
1782642656250 0.041872892528772354 1593
1782642656344 0.02217240072786808 1594
1782642656421 0.019065994769334793 1595
1782642656498 0.015060994774103165 1596
1782642656574 0.03539739549160004 1597
1782642656648 0.02305554412305355 1598
1782642656740 0.044363778084516525 1599
1782642656817 0.017801029607653618 1600
1782642656910 0.03392927348613739 1601
1782642657080 0.035807929933071136 1602
1782642657305 0.018883755430579185 1603
1782642657585 0.0684623122215271 1604
1782642657752 0.026698123663663864 1605
1782642657880 0.03925967961549759 1606
1782642658062 0.03997564688324928 1607
1782642658325 0.02403397485613823 1608
1782642658491 0.02907002717256546 1609
1782642658637 0.03723163902759552 1610
1782642658830 0.021138938143849373 1611
1782642659112 0.010297686792910099 1612
1782642659392 0.04695555567741394 1613
1782642659535 0.029201701283454895 1614
1782642659639 0.016565224155783653 1615
1782642659805 0.020116589963436127 1616
1782642659913 0.024214670062065125 1617
1782642660105 0.027683041989803314 1618
1782642660186 0.03849867731332779 1619
1782642660268 0.0307244211435318 1620
1782642660340 0.03280849754810333 1621
1782642660420 0.06042170152068138 1622
1782642660492 0.03857950493693352 1623
1782642660558 0.04441666230559349 1624
1782642660650 0.027463823556900024 1625
1782642660762 0.05231291055679321 1626
1782642660937 0.04425211250782013 1627
1782642661076 0.06069273129105568 1628
1782642661271 0.04571012407541275 1629
1782642661363 0.06635664403438568 1630
1782642661550 0.02247561886906624 1631
1782642661648 0.06725302338600159 1632
1782642661800 0.031714119017124176 1633
1782642661893 0.04231841489672661 1634
1782642662104 0.04526378586888313 1635
1782642662254 0.030838992446660995 1636
1782642662370 0.01971738412976265 1637
1782642662458 0.03849015384912491 1638
1782642662549 0.04214802384376526 1639
1782642662651 0.03442122042179108 1640
1782642662756 0.015995532274246216 1641
1782642662818 0.02882855013012886 1642
1782642662883 0.04775643348693848 1643
1782642662960 0.061489131301641464 1644
1782642663032 0.03227289021015167 1645
1782642663110 0.07000890374183655 1646
1782642663194 0.03970201313495636 1647
1782642663291 0.018714942038059235 1648
1782642663390 0.03745799884200096 1649
1782642663611 0.041236575692892075 1650
1782642663856 0.037252429872751236 1651
1782642664041 0.020335284993052483 1652
1782642664248 0.060055576264858246 1653
1782642664491 0.03397292643785477 1654
1782642664728 0.05567420646548271 1655
1782642664887 0.05793813616037369 1656
1782642664983 0.017507651820778847 1657
1782642665148 0.045750848948955536 1658
1782642665350 0.033064357936382294 1659
1782642665503 0.04008512943983078 1660
1782642665806 0.028679560869932175 1661
1782642666106 0.03157768398523331 1662
1782642666480 0.025583555921912193 1663
1782642666711 0.05290134996175766 1664
1782642666898 0.03557369112968445 1665
1782642667092 0.05422700196504593 1666
1782642667202 0.033237624913454056 1667
1782642667293 0.04052435979247093 1668
1782642667420 0.049073707312345505 1669
1782642667671 0.06018790230154991 1670
1782642667915 0.057100810110569 1671
1782642668145 0.034578632563352585 1672
1782642668374 0.04345071688294411 1673
1782642668592 0.03925458341836929 1674
1782642668725 0.030995499342679977 1675
1782642668903 0.052822042256593704 1676
1782642669033 0.04948439449071884 1677
1782642669195 0.018226921558380127 1678
1782642669291 0.0797978937625885 1679
1782642669403 0.05974843353033066 1680
1782642669626 0.013478260487318039 1681
1782642669838 0.0719696506857872 1682
1782642670128 0.046244993805885315 1683
1782642670340 0.04057430475950241 1684
1782642670542 0.05070778727531433 1685
1782642670655 0.009226536378264427 1686
1782642670843 0.030627436935901642 1687
1782642670947 0.04381107911467552 1688
1782642671026 0.06029127538204193 1689
1782642671102 0.03478814288973808 1690
1782642671182 0.034417469054460526 1691
1782642671262 0.021310774609446526 1692
1782642671339 0.04450303316116333 1693
1782642671409 0.031016120687127113 1694
1782642671496 0.03841014951467514 1695
1782642671586 0.03854052349925041 1696
1782642671694 0.020663317292928696 1697
1782642671818 0.1296166330575943 1698
1782642671956 0.08267845213413239 1699
1782642672102 0.04287661239504814 1700
1782642672225 0.017487604171037674 1701
1782642672311 0.04657215252518654 1702
1782642672413 0.05523213744163513 1703
1782642672480 0.034059178084135056 1704
1782642672652 0.023027922958135605 1705
1782642672856 0.04343744367361069 1706
1782642673032 0.03370409458875656 1707
1782642673143 0.021704960614442825 1708
1782642673286 0.0747455283999443 1709
1782642673501 0.04167008772492409 1710
1782642673614 0.03710007295012474 1711
1782642673687 0.02723667398095131 1712
1782642673749 0.0346837043762207 1713
1782642673813 0.06016151234507561 1714
1782642673894 0.04469999670982361 1715
1782642673989 0.016760189086198807 1716
1782642674063 0.026480641216039658 1717
1782642674137 0.0381467305123806 1718
1782642674204 0.025585342198610306 1719
1782642674284 0.036612242460250854 1720
1782642674352 0.02444666624069214 1721
1782642674422 0.035445984452962875 1722
1782642674621 0.05545814335346222 1723
1782642674786 0.021777424961328506 1724
1782642674873 0.02554817497730255 1725
1782642675029 0.07801102846860886 1726
1782642675135 0.05100506916642189 1727
1782642675238 0.03149880841374397 1728
1782642675332 0.04169286787509918 1729
1782642675499 0.054579246789216995 1730
1782642675630 0.04712865874171257 1731
1782642675725 0.05026260018348694 1732
1782642675810 0.02965959534049034 1733
1782642675928 0.041601307690143585 1734
1782642676044 0.07752671837806702 1735
1782642676149 0.03721285238862038 1736
1782642676243 0.025106877088546753 1737
1782642676345 0.04731546714901924 1738
1782642676478 0.03692183271050453 1739
1782642676568 0.04189683496952057 1740
1782642676666 0.01340579241514206 1741
1782642676872 0.07707275450229645 1742
1782642677026 0.04994615912437439 1743
1782642677168 0.03796752169728279 1744
1782642677256 0.031039567664265633 1745
1782642677377 0.0740891769528389 1746
1782642677447 0.05029436945915222 1747
1782642677523 0.07147258520126343 1748
1782642677606 0.027594052255153656 1749
1782642677719 0.061018895357847214 1750
1782642677868 0.029797852039337158 1751
1782642677940 0.030574467033147812 1752
1782642678009 0.029364947229623795 1753
1782642678071 0.04005428031086922 1754
1782642678164 0.046525467187166214 1755
1782642678285 0.0621618926525116 1756
1782642678389 0.0498848594725132 1757
1782642678492 0.0410420224070549 1758
1782642678606 0.042260318994522095 1759
1782642678743 0.03802412748336792 1760
1782642678977 0.01901031844317913 1761
1782642679096 0.0377814956009388 1762
1782642679257 0.030936481431126595 1763
1782642679336 0.02260536327958107 1764
1782642679421 0.05128638818860054 1765
1782642679507 0.05150599777698517 1766
1782642679593 0.028070034459233284 1767
1782642679727 0.040574539452791214 1768
1782642679936 0.04104655608534813 1769
1782642680054 0.0511167049407959 1770
1782642680132 0.046671636402606964 1771
1782642680244 0.0542096346616745 1772
1782642680373 0.06808340549468994 1773
1782642680459 0.03932562842965126 1774
1782642680554 0.028716295957565308 1775
1782642680630 0.04532617703080177 1776
1782642680715 0.0978105366230011 1777
1782642680811 0.05084335803985596 1778
1782642681032 0.052423685789108276 1779
1782642681173 0.08022794127464294 1780
1782642681301 0.045468732714653015 1781
1782642681382 0.04144388064742088 1782
1782642681468 0.029129628092050552 1783
1782642681557 0.046812087297439575 1784
1782642681643 0.05359799042344093 1785
1782642681741 0.04013099893927574 1786
1782642681847 0.01889193058013916 1787
1782642681972 0.051120907068252563 1788
1782642682060 0.0145864924415946 1789
1782642682126 0.030224140733480453 1790
1782642682233 0.028737537562847137 1791
1782642682339 0.056483134627342224 1792
1782642682436 0.07475591450929642 1793
1782642682522 0.044476497918367386 1794
1782642682603 0.03756532818078995 1795
1782642682724 0.02793261595070362 1796
1782642682817 0.0568111427128315 1797
1782642682906 0.035224225372076035 1798
1782642683063 0.05761509761214256 1799
1782642683276 0.0821119025349617 1800
1782642683463 0.04864198714494705 1801
1782642683604 0.08623798936605453 1802
1782642683839 0.05174543336033821 1803
1782642683940 0.05873081460595131 1804
1782642684104 0.03132610395550728 1805
1782642684210 0.040134247392416 1806
1782642684289 0.08328350633382797 1807
1782642684370 0.0471772626042366 1808
1782642684459 0.041705191135406494 1809
1782642684573 0.032143574208021164 1810
1782642684661 0.03182370215654373 1811
1782642684800 0.023470954969525337 1812
1782642685042 0.048275940120220184 1813
1782642685289 0.06926961988210678 1814
1782642685550 0.020966053009033203 1815
1782642685763 0.029780087992548943 1816
1782642685848 0.0843152403831482 1817
1782642686003 0.03928651660680771 1818
1782642686197 0.032452620565891266 1819
1782642686312 0.05840490013360977 1820
1782642686404 0.041730597615242004 1821
1782642686520 0.07415987551212311 1822
1782642686620 0.04149360954761505 1823
1782642686740 0.07841482758522034 1824
1782642686889 0.032793253660202026 1825
1782642686975 0.08779851347208023 1826
1782642687105 0.04189886152744293 1827
1782642687293 0.06855045258998871 1828
1782642687394 0.05447380244731903 1829
1782642687494 0.08696842193603516 1830
1782642687644 0.07267984002828598 1831
1782642687761 0.06321752816438675 1832
1782642687864 0.039130426943302155 1833
1782642687944 0.10027450323104858 1834
1782642688059 0.045454323291778564 1835
1782642688234 0.06264083087444305 1836
1782642688424 0.03403903543949127 1837
1782642688631 0.040256351232528687 1838
1782642688775 0.06273378431797028 1839
1782642688962 0.039760153740644455 1840
1782642689100 0.0653398334980011 1841
1782642689204 0.01612713187932968 1842
1782642689392 0.042974308133125305 1843
1782642689581 0.10465236008167267 1844
1782642689840 0.062093041837215424 1845
1782642690143 0.03137876093387604 1846
1782642690331 0.05860675871372223 1847
1782642690470 0.030960071831941605 1848
1782642690549 0.0660795271396637 1849
1782642690735 0.017266377806663513 1850
1782642690987 0.03321101889014244 1851
1782642691285 0.04333806782960892 1852
1782642691576 0.03233029693365097 1853
1782642691847 0.029693778604269028 1854
1782642692115 0.09277340769767761 1855
1782642692285 0.03627245873212814 1856
1782642692508 0.05705435946583748 1857
1782642692598 0.06478219479322433 1858
1782642692722 0.06088612601161003 1859
1782642692856 0.04695750027894974 1860
1782642692935 0.032862212508916855 1861
1782642693016 0.051974937319755554 1862
1782642693109 0.05181841552257538 1863
1782642693212 0.0859224945306778 1864
1782642693297 0.11684581637382507 1865
1782642693517 0.0266851969063282 1866
1782642693634 0.05500440299510956 1867
1782642693872 0.04881943017244339 1868
1782642694109 0.03978457301855087 1869
1782642694373 0.048683762550354004 1870
1782642694615 0.02757950872182846 1871
1782642694728 0.05274216830730438 1872
1782642694950 0.08257696032524109 1873
1782642696689 0.03441239148378372 1874
1782642697012 0.02942822128534317 1875
1782642697226 0.04601060971617699 1876
1782642697325 0.054713018238544464 1877
1782642697460 0.05380168557167053 1878
1782642697558 0.03511521592736244 1879
1782642697747 0.023858875036239624 1880
1782642697828 0.02959417924284935 1881
1782642698037 0.0371154360473156 1882
1782642698194 0.057641759514808655 1883
1782642698389 0.06564950942993164 1884
1782642698601 0.046325765550136566 1885
1782642698812 0.060020484030246735 1886
1782642699049 0.08578554540872574 1887
1782642699348 0.05355681851506233 1888
1782642699442 0.019799260422587395 1889
1782642699533 0.03386698663234711 1890
1782642699614 0.07170236110687256 1891
1782642699706 0.05016307532787323 1892
1782642699799 0.019506264477968216 1893
1782642699894 0.031007837504148483 1894
1782642699985 0.037172213196754456 1895
1782642700136 0.07245539128780365 1896
1782642700313 0.05200888216495514 1897
1782642700393 0.09725281596183777 1898
1782642700533 0.08819665014743805 1899
1782642700766 0.05728033930063248 1900
1782642700945 0.0712866485118866 1901
1782642701152 0.03810795769095421 1902
1782642701363 0.07594849169254303 1903
1782642701540 0.028089499101042747 1904
1782642701722 0.06067457050085068 1905
1782642701850 0.06598716229200363 1906
1782642702069 0.044254474341869354 1907
1782642702319 0.025098610669374466 1908
1782642702412 0.07640878856182098 1909
1782642702555 0.1162189394235611 1910
1782642702640 0.040159035474061966 1911
1782642702738 0.02571234293282032 1912
1782642702846 0.05535602942109108 1913
1782642703016 0.06729744374752045 1914
1782642703188 0.04751043766736984 1915
1782642703369 0.06277264654636383 1916
1782642703638 0.09034660458564758 1917
1782642703740 0.08415023982524872 1918
1782642703918 0.0861700028181076 1919
1782642704154 0.04332832992076874 1920
1782642704422 0.06978640705347061 1921
1782642704684 0.0325670950114727 1922
1782642704921 0.04628043249249458 1923
1782642705168 0.07495224475860596 1924
1782642705399 0.040655724704265594 1925
1782642705531 0.0437154695391655 1926
1782642705655 0.0801950991153717 1927
1782642705786 0.02683488465845585 1928
1782642705864 0.07576888799667358 1929
1782642706032 0.04347839206457138 1930
1782642706272 0.04031224921345711 1931
1782642706545 0.1144261509180069 1932
1782642706815 0.06570740044116974 1933
1782642707088 0.08630459010601044 1934
1782642707357 0.03695011883974075 1935
1782642707615 0.06976966559886932 1936
1782642707805 0.05232026055455208 1937
1782642708008 0.021728841587901115 1938
1782642708092 0.03131246194243431 1939
1782642708297 0.03971362113952637 1940
1782642708539 0.02942001447081566 1941
1782642708809 0.1214265301823616 1942
1782642709053 0.09880083054304123 1943
1782642709317 0.03781038895249367 1944
1782642709554 0.07556521892547607 1945
